particle#	x_coord	y_coord	image_name
628	176	2892	06jul12a_00035gr_00063sq_00012hl_00004en
629	176	2672	06jul12a_00035gr_00063sq_00012hl_00004en
630	956	320	06jul12a_00035gr_00063sq_00012hl_00004en
631	836	464	06jul12a_00035gr_00063sq_00012hl_00004en
632	320	908	06jul12a_00035gr_00063sq_00012hl_00004en
633	1008	576	06jul12a_00035gr_00063sq_00012hl_00004en
634	1104	800	06jul12a_00035gr_00063sq_00012hl_00004en
635	972	1080	06jul12a_00035gr_00063sq_00012hl_00004en
636	1112	1200	06jul12a_00035gr_00063sq_00012hl_00004en
637	756	1116	06jul12a_00035gr_00063sq_00012hl_00004en
638	668	1308	06jul12a_00035gr_00063sq_00012hl_00004en
639	476	1176	06jul12a_00035gr_00063sq_00012hl_00004en
640	348	1296	06jul12a_00035gr_00063sq_00012hl_00004en
641	888	1436	06jul12a_00035gr_00063sq_00012hl_00004en
642	924	1704	06jul12a_00035gr_00063sq_00012hl_00004en
643	668	1848	06jul12a_00035gr_00063sq_00012hl_00004en
644	800	2016	06jul12a_00035gr_00063sq_00012hl_00004en
645	576	2000	06jul12a_00035gr_00063sq_00012hl_00004en
646	872	1880	06jul12a_00035gr_00063sq_00012hl_00004en
647	992	2052	06jul12a_00035gr_00063sq_00012hl_00004en
648	968	2232	06jul12a_00035gr_00063sq_00012hl_00004en
649	1104	2136	06jul12a_00035gr_00063sq_00012hl_00004en
650	1296	2196	06jul12a_00035gr_00063sq_00012hl_00004en
651	1548	1796	06jul12a_00035gr_00063sq_00012hl_00004en
652	1388	1652	06jul12a_00035gr_00063sq_00012hl_00004en
653	1284	1392	06jul12a_00035gr_00063sq_00012hl_00004en
654	1512	1068	06jul12a_00035gr_00063sq_00012hl_00004en
655	1260	560	06jul12a_00035gr_00063sq_00012hl_00004en
656	2184	936	06jul12a_00035gr_00063sq_00012hl_00004en
657	2336	996	06jul12a_00035gr_00063sq_00012hl_00004en
658	2592	944	06jul12a_00035gr_00063sq_00012hl_00004en
659	2720	1140	06jul12a_00035gr_00063sq_00012hl_00004en
660	2984	984	06jul12a_00035gr_00063sq_00012hl_00004en
661	3404	648	06jul12a_00035gr_00063sq_00012hl_00004en
662	3548	828	06jul12a_00035gr_00063sq_00012hl_00004en
663	3684	500	06jul12a_00035gr_00063sq_00012hl_00004en
664	3456	480	06jul12a_00035gr_00063sq_00012hl_00004en
665	2996	356	06jul12a_00035gr_00063sq_00012hl_00004en
666	2756	216	06jul12a_00035gr_00063sq_00012hl_00004en
667	3788	860	06jul12a_00035gr_00063sq_00012hl_00004en
668	3776	1268	06jul12a_00035gr_00063sq_00012hl_00004en
669	3476	1532	06jul12a_00035gr_00063sq_00012hl_00004en
670	3308	1716	06jul12a_00035gr_00063sq_00012hl_00004en
671	3600	1728	06jul12a_00035gr_00063sq_00012hl_00004en
672	3020	1908	06jul12a_00035gr_00063sq_00012hl_00004en
673	3036	1764	06jul12a_00035gr_00063sq_00012hl_00004en
674	2832	1788	06jul12a_00035gr_00063sq_00012hl_00004en
675	2760	1572	06jul12a_00035gr_00063sq_00012hl_00004en
676	2672	1464	06jul12a_00035gr_00063sq_00012hl_00004en
677	2820	1376	06jul12a_00035gr_00063sq_00012hl_00004en
678	3372	2636	06jul12a_00035gr_00063sq_00012hl_00004en
679	3320	2828	06jul12a_00035gr_00063sq_00012hl_00004en
680	3356	2960	06jul12a_00035gr_00063sq_00012hl_00004en
681	3176	2960	06jul12a_00035gr_00063sq_00012hl_00004en
682	3276	3116	06jul12a_00035gr_00063sq_00012hl_00004en
683	3368	3260	06jul12a_00035gr_00063sq_00012hl_00004en
684	3668	2364	06jul12a_00035gr_00063sq_00012hl_00004en
685	3840	2264	06jul12a_00035gr_00063sq_00012hl_00004en
686	2468	2964	06jul12a_00035gr_00063sq_00012hl_00004en
687	428	3260	06jul12a_00035gr_00063sq_00012hl_00004en
688	240	3536	06jul12a_00035gr_00063sq_00012hl_00004en
689	3440	3636	06jul12a_00035gr_00063sq_00012hl_00004en
690	3260	3608	06jul12a_00035gr_00063sq_00012hl_00004en
691	3060	3620	06jul12a_00035gr_00063sq_00012hl_00004en
692	3180	3788	06jul12a_00035gr_00063sq_00012hl_00004en
693	3236	3396	06jul12a_00035gr_00063sq_00012hl_00004en
694	3828	3548	06jul12a_00035gr_00063sq_00012hl_00004en
695	212	1464	06jul12a_00022gr_00037sq_00025hl_00005en
696	740	1316	06jul12a_00022gr_00037sq_00025hl_00005en
697	1248	464	06jul12a_00022gr_00037sq_00025hl_00005en
698	1376	344	06jul12a_00022gr_00037sq_00025hl_00005en
699	620	432	06jul12a_00022gr_00037sq_00025hl_00005en
700	1568	332	06jul12a_00022gr_00037sq_00025hl_00005en
701	1944	1344	06jul12a_00022gr_00037sq_00025hl_00005en
702	1628	1808	06jul12a_00022gr_00037sq_00025hl_00005en
703	1316	1884	06jul12a_00022gr_00037sq_00025hl_00005en
704	1188	1704	06jul12a_00022gr_00037sq_00025hl_00005en
705	1544	2204	06jul12a_00022gr_00037sq_00025hl_00005en
706	552	2924	06jul12a_00022gr_00037sq_00025hl_00005en
707	692	3024	06jul12a_00022gr_00037sq_00025hl_00005en
708	656	3296	06jul12a_00022gr_00037sq_00025hl_00005en
709	908	3420	06jul12a_00022gr_00037sq_00025hl_00005en
710	792	3608	06jul12a_00022gr_00037sq_00025hl_00005en
711	1820	192	06jul12a_00022gr_00037sq_00025hl_00005en
712	2604	308	06jul12a_00022gr_00037sq_00025hl_00005en
713	2432	428	06jul12a_00022gr_00037sq_00025hl_00005en
714	2508	612	06jul12a_00022gr_00037sq_00025hl_00005en
715	2660	516	06jul12a_00022gr_00037sq_00025hl_00005en
716	2900	168	06jul12a_00022gr_00037sq_00025hl_00005en
717	3564	176	06jul12a_00022gr_00037sq_00025hl_00005en
718	2996	896	06jul12a_00022gr_00037sq_00025hl_00005en
719	2672	972	06jul12a_00022gr_00037sq_00025hl_00005en
720	3900	876	06jul12a_00022gr_00037sq_00025hl_00005en
721	3248	1524	06jul12a_00022gr_00037sq_00025hl_00005en
722	2592	1608	06jul12a_00022gr_00037sq_00025hl_00005en
723	2372	1688	06jul12a_00022gr_00037sq_00025hl_00005en
724	2172	1784	06jul12a_00022gr_00037sq_00025hl_00005en
725	2756	2288	06jul12a_00022gr_00037sq_00025hl_00005en
726	3164	2156	06jul12a_00022gr_00037sq_00025hl_00005en
727	3324	2000	06jul12a_00022gr_00037sq_00025hl_00005en
728	3764	1884	06jul12a_00022gr_00037sq_00025hl_00005en
729	3800	1680	06jul12a_00022gr_00037sq_00025hl_00005en
730	3912	1932	06jul12a_00022gr_00037sq_00025hl_00005en
731	3900	2112	06jul12a_00022gr_00037sq_00025hl_00005en
732	3368	2316	06jul12a_00022gr_00037sq_00025hl_00005en
733	3020	2292	06jul12a_00022gr_00037sq_00025hl_00005en
734	2972	2528	06jul12a_00022gr_00037sq_00025hl_00005en
735	3168	2412	06jul12a_00022gr_00037sq_00025hl_00005en
736	2888	2756	06jul12a_00022gr_00037sq_00025hl_00005en
737	2888	3012	06jul12a_00022gr_00037sq_00025hl_00005en
738	3680	2540	06jul12a_00022gr_00037sq_00025hl_00005en
739	3812	3236	06jul12a_00022gr_00037sq_00025hl_00005en
740	3828	3504	06jul12a_00022gr_00037sq_00025hl_00005en
741	3608	3596	06jul12a_00022gr_00037sq_00025hl_00005en
742	3108	3648	06jul12a_00022gr_00037sq_00025hl_00005en
743	2652	3596	06jul12a_00022gr_00037sq_00025hl_00005en
744	2432	3480	06jul12a_00022gr_00037sq_00025hl_00005en
745	2160	3680	06jul12a_00022gr_00037sq_00025hl_00005en
746	1604	3644	06jul12a_00022gr_00037sq_00025hl_00005en
747	1004	3596	06jul12a_00022gr_00037sq_00025hl_00005en
748	944	3740	06jul12a_00022gr_00037sq_00025hl_00005en
749	644	3768	06jul12a_00022gr_00037sq_00025hl_00005en
750	216	3708	06jul12a_00022gr_00037sq_00025hl_00005en
751	1928	3080	06jul12a_00022gr_00037sq_00025hl_00005en
752	1856	2904	06jul12a_00022gr_00037sq_00025hl_00005en
753	2028	2832	06jul12a_00022gr_00037sq_00025hl_00005en
754	3024	3884	06jul12a_00022gr_00037sq_00025hl_00005en
755	3500	3848	06jul12a_00022gr_00037sq_00025hl_00005en
756	704	1628	06jul12a_00022gr_00037sq_00025hl_00004en
757	488	1656	06jul12a_00022gr_00037sq_00025hl_00004en
758	576	1304	06jul12a_00022gr_00037sq_00025hl_00004en
759	788	1424	06jul12a_00022gr_00037sq_00025hl_00004en
760	1008	1116	06jul12a_00022gr_00037sq_00025hl_00004en
761	1020	548	06jul12a_00022gr_00037sq_00025hl_00004en
762	848	420	06jul12a_00022gr_00037sq_00025hl_00004en
763	1172	368	06jul12a_00022gr_00037sq_00025hl_00004en
764	1968	572	06jul12a_00022gr_00037sq_00025hl_00004en
765	2252	512	06jul12a_00022gr_00037sq_00025hl_00004en
766	2180	684	06jul12a_00022gr_00037sq_00025hl_00004en
767	2100	1116	06jul12a_00022gr_00037sq_00025hl_00004en
768	2088	1292	06jul12a_00022gr_00037sq_00025hl_00004en
769	1880	1256	06jul12a_00022gr_00037sq_00025hl_00004en
770	1988	1500	06jul12a_00022gr_00037sq_00025hl_00004en
771	2616	1200	06jul12a_00022gr_00037sq_00025hl_00004en
772	2724	788	06jul12a_00022gr_00037sq_00025hl_00004en
773	2832	564	06jul12a_00022gr_00037sq_00025hl_00004en
774	2780	284	06jul12a_00022gr_00037sq_00025hl_00004en
775	3020	404	06jul12a_00022gr_00037sq_00025hl_00004en
776	3120	164	06jul12a_00022gr_00037sq_00025hl_00004en
777	3324	440	06jul12a_00022gr_00037sq_00025hl_00004en
778	3708	848	06jul12a_00022gr_00037sq_00025hl_00004en
779	3524	1004	06jul12a_00022gr_00037sq_00025hl_00004en
780	3252	944	06jul12a_00022gr_00037sq_00025hl_00004en
781	3116	1064	06jul12a_00022gr_00037sq_00025hl_00004en
782	2984	836	06jul12a_00022gr_00037sq_00025hl_00004en
783	3128	1436	06jul12a_00022gr_00037sq_00025hl_00004en
784	2972	1676	06jul12a_00022gr_00037sq_00025hl_00004en
785	2820	1916	06jul12a_00022gr_00037sq_00025hl_00004en
786	2412	1692	06jul12a_00022gr_00037sq_00025hl_00004en
787	2676	2076	06jul12a_00022gr_00037sq_00025hl_00004en
788	2952	2204	06jul12a_00022gr_00037sq_00025hl_00004en
789	3164	2148	06jul12a_00022gr_00037sq_00025hl_00004en
790	3264	1908	06jul12a_00022gr_00037sq_00025hl_00004en
791	3188	1688	06jul12a_00022gr_00037sq_00025hl_00004en
792	3516	1844	06jul12a_00022gr_00037sq_00025hl_00004en
793	3372	2196	06jul12a_00022gr_00037sq_00025hl_00004en
794	3624	2124	06jul12a_00022gr_00037sq_00025hl_00004en
795	3524	2364	06jul12a_00022gr_00037sq_00025hl_00004en
796	3236	2504	06jul12a_00022gr_00037sq_00025hl_00004en
797	3012	2420	06jul12a_00022gr_00037sq_00025hl_00004en
798	2784	2592	06jul12a_00022gr_00037sq_00025hl_00004en
799	2948	2712	06jul12a_00022gr_00037sq_00025hl_00004en
800	2856	3048	06jul12a_00022gr_00037sq_00025hl_00004en
801	2664	3048	06jul12a_00022gr_00037sq_00025hl_00004en
802	3164	2892	06jul12a_00022gr_00037sq_00025hl_00004en
803	3248	3152	06jul12a_00022gr_00037sq_00025hl_00004en
804	1980	2828	06jul12a_00022gr_00037sq_00025hl_00004en
805	2124	2696	06jul12a_00022gr_00037sq_00025hl_00004en
806	2004	2288	06jul12a_00022gr_00037sq_00025hl_00004en
807	3404	3260	06jul12a_00022gr_00037sq_00025hl_00004en
808	3336	3444	06jul12a_00022gr_00037sq_00025hl_00004en
809	3252	3764	06jul12a_00022gr_00037sq_00025hl_00004en
810	3456	3620	06jul12a_00022gr_00037sq_00025hl_00004en
811	3612	3600	06jul12a_00022gr_00037sq_00025hl_00004en
812	3600	3396	06jul12a_00022gr_00037sq_00025hl_00004en
813	2328	3696	06jul12a_00022gr_00037sq_00025hl_00004en
814	2108	3744	06jul12a_00022gr_00037sq_00025hl_00004en
815	1808	3908	06jul12a_00022gr_00037sq_00025hl_00004en
816	2160	3060	06jul12a_00022gr_00037sq_00025hl_00004en
817	1172	3416	06jul12a_00022gr_00037sq_00025hl_00004en
818	1068	3612	06jul12a_00022gr_00037sq_00025hl_00004en
819	1292	3596	06jul12a_00022gr_00037sq_00025hl_00004en
820	620	3704	06jul12a_00022gr_00037sq_00025hl_00004en
821	876	2936	06jul12a_00022gr_00037sq_00025hl_00004en
822	668	2924	06jul12a_00022gr_00037sq_00025hl_00004en
823	384	2772	06jul12a_00022gr_00037sq_00025hl_00004en
824	468	2592	06jul12a_00022gr_00037sq_00025hl_00004en
825	612	2288	06jul12a_00022gr_00037sq_00025hl_00004en
826	732	2504	06jul12a_00022gr_00037sq_00025hl_00004en
827	1476	2492	06jul12a_00022gr_00037sq_00025hl_00004en
828	1424	2048	06jul12a_00022gr_00037sq_00025hl_00004en
829	1704	2088	06jul12a_00022gr_00037sq_00025hl_00004en
830	3264	2780	06jul12a_00022gr_00037sq_00025hl_00004en
831	3588	2664	06jul12a_00022gr_00037sq_00025hl_00004en
832	672	1340	06jul12a_00022gr_00013sq_00003hl_00005en
833	432	1040	06jul12a_00022gr_00013sq_00003hl_00005en
834	1116	1244	06jul12a_00022gr_00013sq_00003hl_00005en
835	1280	1164	06jul12a_00022gr_00013sq_00003hl_00005en
836	1436	1124	06jul12a_00022gr_00013sq_00003hl_00005en
837	1532	1428	06jul12a_00022gr_00013sq_00003hl_00005en
838	1692	1356	06jul12a_00022gr_00013sq_00003hl_00005en
839	1296	1332	06jul12a_00022gr_00013sq_00003hl_00005en
840	1124	1436	06jul12a_00022gr_00013sq_00003hl_00005en
841	1004	1616	06jul12a_00022gr_00013sq_00003hl_00005en
842	1136	1920	06jul12a_00022gr_00013sq_00003hl_00005en
843	972	1776	06jul12a_00022gr_00013sq_00003hl_00005en
844	1200	1644	06jul12a_00022gr_00013sq_00003hl_00005en
845	1172	2108	06jul12a_00022gr_00013sq_00003hl_00005en
846	972	2076	06jul12a_00022gr_00013sq_00003hl_00005en
847	1016	2360	06jul12a_00022gr_00013sq_00003hl_00005en
848	708	2364	06jul12a_00022gr_00013sq_00003hl_00005en
849	572	2468	06jul12a_00022gr_00013sq_00003hl_00005en
850	428	2592	06jul12a_00022gr_00013sq_00003hl_00005en
851	348	2400	06jul12a_00022gr_00013sq_00003hl_00005en
852	176	2420	06jul12a_00022gr_00013sq_00003hl_00005en
853	3564	884	06jul12a_00022gr_00013sq_00003hl_00005en
854	3908	368	06jul12a_00022gr_00013sq_00003hl_00005en
855	3704	216	06jul12a_00022gr_00013sq_00003hl_00005en
856	3828	876	06jul12a_00022gr_00013sq_00003hl_00005en
857	3168	1176	06jul12a_00022gr_00013sq_00003hl_00005en
858	3072	1056	06jul12a_00022gr_00013sq_00003hl_00005en
859	2880	1424	06jul12a_00022gr_00013sq_00003hl_00005en
860	3108	1380	06jul12a_00022gr_00013sq_00003hl_00005en
861	3128	1556	06jul12a_00022gr_00013sq_00003hl_00005en
862	3248	1700	06jul12a_00022gr_00013sq_00003hl_00005en
863	3764	1524	06jul12a_00022gr_00013sq_00003hl_00005en
864	3816	1328	06jul12a_00022gr_00013sq_00003hl_00005en
865	3612	2148	06jul12a_00022gr_00013sq_00003hl_00005en
866	3368	2112	06jul12a_00022gr_00013sq_00003hl_00005en
867	3336	2624	06jul12a_00022gr_00013sq_00003hl_00005en
868	3752	2360	06jul12a_00022gr_00013sq_00003hl_00005en
869	3716	2684	06jul12a_00022gr_00013sq_00003hl_00005en
870	3908	2876	06jul12a_00022gr_00013sq_00003hl_00005en
871	3720	3348	06jul12a_00022gr_00013sq_00003hl_00005en
872	3540	3372	06jul12a_00022gr_00013sq_00003hl_00005en
873	3032	2708	06jul12a_00022gr_00013sq_00003hl_00005en
874	2880	2652	06jul12a_00022gr_00013sq_00003hl_00005en
875	2672	2556	06jul12a_00022gr_00013sq_00003hl_00005en
876	2796	2436	06jul12a_00022gr_00013sq_00003hl_00005en
877	2492	2472	06jul12a_00022gr_00013sq_00003hl_00005en
878	2316	2336	06jul12a_00022gr_00013sq_00003hl_00005en
879	2100	2376	06jul12a_00022gr_00013sq_00003hl_00005en
880	2012	2160	06jul12a_00022gr_00013sq_00003hl_00005en
881	1620	2084	06jul12a_00022gr_00013sq_00003hl_00005en
882	1388	2156	06jul12a_00022gr_00013sq_00003hl_00005en
883	476	2136	06jul12a_00022gr_00013sq_00003hl_00005en
884	384	1860	06jul12a_00022gr_00013sq_00003hl_00005en
885	180	1712	06jul12a_00022gr_00013sq_00003hl_00005en
886	228	2252	06jul12a_00022gr_00013sq_00003hl_00005en
887	1256	2892	06jul12a_00022gr_00013sq_00003hl_00005en
888	1020	2852	06jul12a_00022gr_00013sq_00003hl_00005en
889	732	2564	06jul12a_00022gr_00013sq_00003hl_00005en
890	1424	2808	06jul12a_00022gr_00013sq_00003hl_00005en
891	1836	2628	06jul12a_00022gr_00013sq_00003hl_00005en
892	2760	3468	06jul12a_00022gr_00013sq_00003hl_00005en
893	2744	3644	06jul12a_00022gr_00013sq_00003hl_00005en
894	2592	3540	06jul12a_00022gr_00013sq_00003hl_00005en
895	2436	3428	06jul12a_00022gr_00013sq_00003hl_00005en
896	2568	3356	06jul12a_00022gr_00013sq_00003hl_00005en
897	2328	3276	06jul12a_00022gr_00013sq_00003hl_00005en
898	2792	3288	06jul12a_00022gr_00013sq_00003hl_00005en
899	3080	3296	06jul12a_00022gr_00013sq_00003hl_00005en
900	3192	3824	06jul12a_00022gr_00013sq_00003hl_00005en
901	2088	3144	06jul12a_00022gr_00013sq_00003hl_00005en
902	1964	2996	06jul12a_00022gr_00013sq_00003hl_00005en
903	1860	3192	06jul12a_00022gr_00013sq_00003hl_00005en
904	1908	3348	06jul12a_00022gr_00013sq_00003hl_00005en
905	1640	3716	06jul12a_00022gr_00013sq_00003hl_00005en
906	1436	3716	06jul12a_00022gr_00013sq_00003hl_00005en
907	1368	3456	06jul12a_00022gr_00013sq_00003hl_00005en
908	1268	3140	06jul12a_00022gr_00013sq_00003hl_00005en
909	1172	3776	06jul12a_00022gr_00013sq_00003hl_00005en
910	980	3776	06jul12a_00022gr_00013sq_00003hl_00005en
911	812	3776	06jul12a_00022gr_00013sq_00003hl_00005en
912	428	3888	06jul12a_00022gr_00013sq_00003hl_00005en
913	320	3752	06jul12a_00022gr_00013sq_00003hl_00005en
914	312	3552	06jul12a_00022gr_00013sq_00003hl_00005en
915	216	3896	06jul12a_00022gr_00013sq_00003hl_00005en
916	488	932	06jul12a_00022gr_00013sq_00002hl_00004en
917	1284	588	06jul12a_00022gr_00013sq_00002hl_00004en
918	1416	716	06jul12a_00022gr_00013sq_00002hl_00004en
919	1484	524	06jul12a_00022gr_00013sq_00002hl_00004en
920	1668	560	06jul12a_00022gr_00013sq_00002hl_00004en
921	1848	620	06jul12a_00022gr_00013sq_00002hl_00004en
922	1584	336	06jul12a_00022gr_00013sq_00002hl_00004en
923	1304	332	06jul12a_00022gr_00013sq_00002hl_00004en
924	812	212	06jul12a_00022gr_00013sq_00002hl_00004en
925	2300	260	06jul12a_00022gr_00013sq_00002hl_00004en
926	2600	644	06jul12a_00022gr_00013sq_00002hl_00004en
927	2724	824	06jul12a_00022gr_00013sq_00002hl_00004en
928	3212	404	06jul12a_00022gr_00013sq_00002hl_00004en
929	3648	780	06jul12a_00022gr_00013sq_00002hl_00004en
930	3828	500	06jul12a_00022gr_00013sq_00002hl_00004en
931	2268	1064	06jul12a_00022gr_00013sq_00002hl_00004en
932	1944	860	06jul12a_00022gr_00013sq_00002hl_00004en
933	1820	968	06jul12a_00022gr_00013sq_00002hl_00004en
934	1964	1244	06jul12a_00022gr_00013sq_00002hl_00004en
935	1716	1392	06jul12a_00022gr_00013sq_00002hl_00004en
936	1788	1568	06jul12a_00022gr_00013sq_00002hl_00004en
937	1764	1772	06jul12a_00022gr_00013sq_00002hl_00004en
938	224	1592	06jul12a_00022gr_00013sq_00002hl_00004en
939	276	1812	06jul12a_00022gr_00013sq_00002hl_00004en
940	180	1952	06jul12a_00022gr_00013sq_00002hl_00004en
941	564	2468	06jul12a_00022gr_00013sq_00002hl_00004en
942	444	2640	06jul12a_00022gr_00013sq_00002hl_00004en
943	956	2984	06jul12a_00022gr_00013sq_00002hl_00004en
944	776	3212	06jul12a_00022gr_00013sq_00002hl_00004en
945	924	3320	06jul12a_00022gr_00013sq_00002hl_00004en
946	1152	3420	06jul12a_00022gr_00013sq_00002hl_00004en
947	1172	3036	06jul12a_00022gr_00013sq_00002hl_00004en
948	1308	2936	06jul12a_00022gr_00013sq_00002hl_00004en
949	1640	2960	06jul12a_00022gr_00013sq_00002hl_00004en
950	1668	3176	06jul12a_00022gr_00013sq_00002hl_00004en
951	1824	3036	06jul12a_00022gr_00013sq_00002hl_00004en
952	2016	3144	06jul12a_00022gr_00013sq_00002hl_00004en
953	2760	2888	06jul12a_00022gr_00013sq_00002hl_00004en
954	2780	2480	06jul12a_00022gr_00013sq_00002hl_00004en
955	2588	2420	06jul12a_00022gr_00013sq_00002hl_00004en
956	2540	1992	06jul12a_00022gr_00013sq_00002hl_00004en
957	2736	1964	06jul12a_00022gr_00013sq_00002hl_00004en
958	2876	1800	06jul12a_00022gr_00013sq_00002hl_00004en
959	2856	1484	06jul12a_00022gr_00013sq_00002hl_00004en
960	2660	1376	06jul12a_00022gr_00013sq_00002hl_00004en
961	2876	1316	06jul12a_00022gr_00013sq_00002hl_00004en
962	3380	1892	06jul12a_00022gr_00013sq_00002hl_00004en
963	3192	2076	06jul12a_00022gr_00013sq_00002hl_00004en
964	3104	2264	06jul12a_00022gr_00013sq_00002hl_00004en
965	3356	2192	06jul12a_00022gr_00013sq_00002hl_00004en
966	3336	2400	06jul12a_00022gr_00013sq_00002hl_00004en
967	3180	2672	06jul12a_00022gr_00013sq_00002hl_00004en
968	3584	1656	06jul12a_00022gr_00013sq_00002hl_00004en
969	3768	1548	06jul12a_00022gr_00013sq_00002hl_00004en
970	3576	3012	06jul12a_00022gr_00013sq_00002hl_00004en
971	3792	2996	06jul12a_00022gr_00013sq_00002hl_00004en
972	3696	3156	06jul12a_00022gr_00013sq_00002hl_00004en
973	2904	3524	06jul12a_00022gr_00013sq_00002hl_00004en
974	2256	1500	06jul12a_00022gr_00013sq_00002hl_00004en
975	416	1628	06jul12a_00022gr_00013sq_00002hl_00004en
976	600	1716	06jul12a_00022gr_00013sq_00002hl_00004en
977	3464	3644	06jul12a_00022gr_00013sq_00002hl_00004en
978	3548	3840	06jul12a_00022gr_00013sq_00002hl_00004en
979	2760	3648	06jul12a_00022gr_00013sq_00002hl_00004en
980	1452	3600	06jul12a_00022gr_00013sq_00002hl_00004en
981	1200	3804	06jul12a_00022gr_00013sq_00002hl_00004en
982	1032	3860	06jul12a_00022gr_00013sq_00002hl_00004en
983	1032	3596	06jul12a_00022gr_00013sq_00002hl_00004en
984	1244	384	06jul12a_00015gr_00028sq_00023hl_00004en
985	288	336	06jul12a_00015gr_00028sq_00023hl_00004en
986	528	588	06jul12a_00015gr_00028sq_00023hl_00004en
987	1188	876	06jul12a_00015gr_00028sq_00023hl_00004en
988	1220	1076	06jul12a_00015gr_00028sq_00023hl_00004en
989	936	1148	06jul12a_00015gr_00028sq_00023hl_00004en
990	720	1248	06jul12a_00015gr_00028sq_00023hl_00004en
991	524	1200	06jul12a_00015gr_00028sq_00023hl_00004en
992	824	1440	06jul12a_00015gr_00028sq_00023hl_00004en
993	552	1728	06jul12a_00015gr_00028sq_00023hl_00004en
994	180	2064	06jul12a_00015gr_00028sq_00023hl_00004en
995	468	1976	06jul12a_00015gr_00028sq_00023hl_00004en
996	384	2144	06jul12a_00015gr_00028sq_00023hl_00004en
997	404	2376	06jul12a_00015gr_00028sq_00023hl_00004en
998	348	2640	06jul12a_00015gr_00028sq_00023hl_00004en
999	396	2912	06jul12a_00015gr_00028sq_00023hl_00004en
1000	536	2684	06jul12a_00015gr_00028sq_00023hl_00004en
1001	588	2900	06jul12a_00015gr_00028sq_00023hl_00004en
1002	944	2780	06jul12a_00015gr_00028sq_00023hl_00004en
1003	960	2424	06jul12a_00015gr_00028sq_00023hl_00004en
1004	828	2120	06jul12a_00015gr_00028sq_00023hl_00004en
1005	1080	2076	06jul12a_00015gr_00028sq_00023hl_00004en
1006	1208	2256	06jul12a_00015gr_00028sq_00023hl_00004en
1007	1380	2396	06jul12a_00015gr_00028sq_00023hl_00004en
1008	1208	2864	06jul12a_00015gr_00028sq_00023hl_00004en
1009	1584	2660	06jul12a_00015gr_00028sq_00023hl_00004en
1010	1668	2832	06jul12a_00015gr_00028sq_00023hl_00004en
1011	1308	1752	06jul12a_00015gr_00028sq_00023hl_00004en
1012	1592	1580	06jul12a_00015gr_00028sq_00023hl_00004en
1013	1512	1352	06jul12a_00015gr_00028sq_00023hl_00004en
1014	1508	1140	06jul12a_00015gr_00028sq_00023hl_00004en
1015	1644	996	06jul12a_00015gr_00028sq_00023hl_00004en
1016	1920	1184	06jul12a_00015gr_00028sq_00023hl_00004en
1017	2364	1416	06jul12a_00015gr_00028sq_00023hl_00004en
1018	2256	1908	06jul12a_00015gr_00028sq_00023hl_00004en
1019	2040	1856	06jul12a_00015gr_00028sq_00023hl_00004en
1020	2076	2100	06jul12a_00015gr_00028sq_00023hl_00004en
1021	2024	2304	06jul12a_00015gr_00028sq_00023hl_00004en
1022	2240	2192	06jul12a_00015gr_00028sq_00023hl_00004en
1023	2492	2252	06jul12a_00015gr_00028sq_00023hl_00004en
1024	2628	1656	06jul12a_00015gr_00028sq_00023hl_00004en
1025	2820	1560	06jul12a_00015gr_00028sq_00023hl_00004en
1026	2828	1116	06jul12a_00015gr_00028sq_00023hl_00004en
1027	2996	1188	06jul12a_00015gr_00028sq_00023hl_00004en
1028	2484	828	06jul12a_00015gr_00028sq_00023hl_00004en
1029	2492	644	06jul12a_00015gr_00028sq_00023hl_00004en
1030	2268	332	06jul12a_00015gr_00028sq_00023hl_00004en
1031	2844	392	06jul12a_00015gr_00028sq_00023hl_00004en
1032	2996	356	06jul12a_00015gr_00028sq_00023hl_00004en
1033	2984	176	06jul12a_00015gr_00028sq_00023hl_00004en
1034	2940	636	06jul12a_00015gr_00028sq_00023hl_00004en
1035	2976	888	06jul12a_00015gr_00028sq_00023hl_00004en
1036	3224	600	06jul12a_00015gr_00028sq_00023hl_00004en
1037	3192	992	06jul12a_00015gr_00028sq_00023hl_00004en
1038	3272	1232	06jul12a_00015gr_00028sq_00023hl_00004en
1039	3276	1472	06jul12a_00015gr_00028sq_00023hl_00004en
1040	3072	1932	06jul12a_00015gr_00028sq_00023hl_00004en
1041	3380	1916	06jul12a_00015gr_00028sq_00023hl_00004en
1042	3320	2376	06jul12a_00015gr_00028sq_00023hl_00004en
1043	3140	2484	06jul12a_00015gr_00028sq_00023hl_00004en
1044	2924	2676	06jul12a_00015gr_00028sq_00023hl_00004en
1045	2676	2936	06jul12a_00015gr_00028sq_00023hl_00004en
1046	2528	3200	06jul12a_00015gr_00028sq_00023hl_00004en
1047	2832	3116	06jul12a_00015gr_00028sq_00023hl_00004en
1048	3072	3108	06jul12a_00015gr_00028sq_00023hl_00004en
1049	1248	3260	06jul12a_00015gr_00028sq_00023hl_00004en
1050	1724	3104	06jul12a_00015gr_00028sq_00023hl_00004en
1051	3596	2124	06jul12a_00015gr_00028sq_00023hl_00004en
1052	3732	1760	06jul12a_00015gr_00028sq_00023hl_00004en
1053	3536	1748	06jul12a_00015gr_00028sq_00023hl_00004en
1054	3608	1548	06jul12a_00015gr_00028sq_00023hl_00004en
1055	3536	1292	06jul12a_00015gr_00028sq_00023hl_00004en
1056	3548	1076	06jul12a_00015gr_00028sq_00023hl_00004en
1057	3408	948	06jul12a_00015gr_00028sq_00023hl_00004en
1058	3432	708	06jul12a_00015gr_00028sq_00023hl_00004en
1059	3456	320	06jul12a_00015gr_00028sq_00023hl_00004en
1060	3656	224	06jul12a_00015gr_00028sq_00023hl_00004en
1061	3792	2220	06jul12a_00015gr_00028sq_00023hl_00004en
1062	3828	2940	06jul12a_00015gr_00028sq_00023hl_00004en
1063	3648	3140	06jul12a_00015gr_00028sq_00023hl_00004en
1064	3780	3224	06jul12a_00015gr_00028sq_00023hl_00004en
1065	3536	3396	06jul12a_00015gr_00028sq_00023hl_00004en
1066	3240	308	06jul12a_00015gr_00028sq_00023hl_00004en
1067	2604	3576	06jul12a_00015gr_00028sq_00023hl_00004en
1068	2480	3828	06jul12a_00015gr_00028sq_00023hl_00004en
1069	2228	3836	06jul12a_00015gr_00028sq_00023hl_00004en
1070	2060	3884	06jul12a_00015gr_00028sq_00023hl_00004en
1071	1712	3704	06jul12a_00015gr_00028sq_00023hl_00004en
1072	1452	3564	06jul12a_00015gr_00028sq_00023hl_00004en
1073	636	3552	06jul12a_00015gr_00028sq_00023hl_00004en
1074	3476	3620	06jul12a_00015gr_00028sq_00023hl_00004en
1075	3048	3540	06jul12a_00015gr_00028sq_00023hl_00004en
1076	3812	3540	06jul12a_00015gr_00028sq_00023hl_00004en
1077	3672	3668	06jul12a_00015gr_00028sq_00023hl_00004en
1078	836	812	06jul12a_00015gr_00028sq_00023hl_00002en
1079	512	684	06jul12a_00015gr_00028sq_00023hl_00002en
1080	564	444	06jul12a_00015gr_00028sq_00023hl_00002en
1081	252	408	06jul12a_00015gr_00028sq_00023hl_00002en
1082	228	708	06jul12a_00015gr_00028sq_00023hl_00002en
1083	212	924	06jul12a_00015gr_00028sq_00023hl_00002en
1084	536	1080	06jul12a_00015gr_00028sq_00023hl_00002en
1085	756	1016	06jul12a_00015gr_00028sq_00023hl_00002en
1086	1536	960	06jul12a_00015gr_00028sq_00023hl_00002en
1087	1796	836	06jul12a_00015gr_00028sq_00023hl_00002en
1088	1580	288	06jul12a_00015gr_00028sq_00023hl_00002en
1089	888	288	06jul12a_00015gr_00028sq_00023hl_00002en
1090	612	164	06jul12a_00015gr_00028sq_00023hl_00002en
1091	3344	212	06jul12a_00015gr_00028sq_00023hl_00002en
1092	3644	368	06jul12a_00015gr_00028sq_00023hl_00002en
1093	3696	572	06jul12a_00015gr_00028sq_00023hl_00002en
1094	3152	396	06jul12a_00015gr_00028sq_00023hl_00002en
1095	2916	336	06jul12a_00015gr_00028sq_00023hl_00002en
1096	2772	684	06jul12a_00015gr_00028sq_00023hl_00002en
1097	2492	848	06jul12a_00015gr_00028sq_00023hl_00002en
1098	2160	1056	06jul12a_00015gr_00028sq_00023hl_00002en
1099	2000	1260	06jul12a_00015gr_00028sq_00023hl_00002en
1100	1880	1620	06jul12a_00015gr_00028sq_00023hl_00002en
1101	2088	1620	06jul12a_00015gr_00028sq_00023hl_00002en
1102	2264	1392	06jul12a_00015gr_00028sq_00023hl_00002en
1103	2556	1092	06jul12a_00015gr_00028sq_00023hl_00002en
1104	2868	980	06jul12a_00015gr_00028sq_00023hl_00002en
1105	3236	1076	06jul12a_00015gr_00028sq_00023hl_00002en
1106	3312	900	06jul12a_00015gr_00028sq_00023hl_00002en
1107	3456	1104	06jul12a_00015gr_00028sq_00023hl_00002en
1108	3672	1164	06jul12a_00015gr_00028sq_00023hl_00002en
1109	3752	1344	06jul12a_00015gr_00028sq_00023hl_00002en
1110	3464	1740	06jul12a_00015gr_00028sq_00023hl_00002en
1111	3380	1940	06jul12a_00015gr_00028sq_00023hl_00002en
1112	3108	1968	06jul12a_00015gr_00028sq_00023hl_00002en
1113	3572	2064	06jul12a_00015gr_00028sq_00023hl_00002en
1114	3600	2436	06jul12a_00015gr_00028sq_00023hl_00002en
1115	3740	2580	06jul12a_00015gr_00028sq_00023hl_00002en
1116	3396	2288	06jul12a_00015gr_00028sq_00023hl_00002en
1117	3336	2496	06jul12a_00015gr_00028sq_00023hl_00002en
1118	3128	2624	06jul12a_00015gr_00028sq_00023hl_00002en
1119	2868	2288	06jul12a_00015gr_00028sq_00023hl_00002en
1120	2628	2736	06jul12a_00015gr_00028sq_00023hl_00002en
1121	2396	2376	06jul12a_00015gr_00028sq_00023hl_00002en
1122	2180	2312	06jul12a_00015gr_00028sq_00023hl_00002en
1123	2060	2100	06jul12a_00015gr_00028sq_00023hl_00002en
1124	2148	1908	06jul12a_00015gr_00028sq_00023hl_00002en
1125	2328	1832	06jul12a_00015gr_00028sq_00023hl_00002en
1126	2312	1592	06jul12a_00015gr_00028sq_00023hl_00002en
1127	2520	1496	06jul12a_00015gr_00028sq_00023hl_00002en
1128	1164	2072	06jul12a_00015gr_00028sq_00023hl_00002en
1129	936	2280	06jul12a_00015gr_00028sq_00023hl_00002en
1130	684	1676	06jul12a_00015gr_00028sq_00023hl_00002en
1131	548	1440	06jul12a_00015gr_00028sq_00023hl_00002en
1132	180	1488	06jul12a_00015gr_00028sq_00023hl_00002en
1133	224	1800	06jul12a_00015gr_00028sq_00023hl_00002en
1134	296	2012	06jul12a_00015gr_00028sq_00023hl_00002en
1135	608	1908	06jul12a_00015gr_00028sq_00023hl_00002en
1136	372	2216	06jul12a_00015gr_00028sq_00023hl_00002en
1137	536	2468	06jul12a_00015gr_00028sq_00023hl_00002en
1138	236	2612	06jul12a_00015gr_00028sq_00023hl_00002en
1139	428	3476	06jul12a_00015gr_00028sq_00023hl_00002en
1140	3512	2748	06jul12a_00015gr_00028sq_00023hl_00002en
1141	3576	3056	06jul12a_00015gr_00028sq_00023hl_00002en
1142	3816	2916	06jul12a_00015gr_00028sq_00023hl_00002en
1143	3684	2772	06jul12a_00015gr_00028sq_00023hl_00002en
1144	3632	3396	06jul12a_00015gr_00028sq_00023hl_00002en
1145	3888	3648	06jul12a_00015gr_00028sq_00023hl_00002en
1146	3308	3620	06jul12a_00015gr_00028sq_00023hl_00002en
1147	3252	3888	06jul12a_00015gr_00028sq_00023hl_00002en
1148	3116	3536	06jul12a_00015gr_00028sq_00023hl_00002en
1149	3248	3396	06jul12a_00015gr_00028sq_00023hl_00002en
1150	3104	3200	06jul12a_00015gr_00028sq_00023hl_00002en
1151	2912	3456	06jul12a_00015gr_00028sq_00023hl_00002en
1152	2252	3024	06jul12a_00015gr_00028sq_00023hl_00002en
1153	2172	2556	06jul12a_00015gr_00028sq_00023hl_00002en
1154	1992	2484	06jul12a_00015gr_00028sq_00023hl_00002en
1155	1932	2748	06jul12a_00015gr_00028sq_00023hl_00002en
1156	1628	2796	06jul12a_00015gr_00028sq_00023hl_00002en
1157	1328	2676	06jul12a_00015gr_00028sq_00023hl_00002en
1158	1272	3104	06jul12a_00015gr_00028sq_00023hl_00002en
1159	864	3012	06jul12a_00015gr_00028sq_00023hl_00002en
1160	692	3216	06jul12a_00015gr_00028sq_00023hl_00002en
1161	1208	3368	06jul12a_00015gr_00028sq_00023hl_00002en
1162	552	3696	06jul12a_00015gr_00028sq_00023hl_00002en
1163	204	3732	06jul12a_00015gr_00028sq_00023hl_00002en
1164	1284	3848	06jul12a_00015gr_00028sq_00023hl_00002en
1165	1572	3864	06jul12a_00015gr_00028sq_00023hl_00002en
1166	1868	3824	06jul12a_00015gr_00028sq_00023hl_00002en
1167	1820	2024	06jul12a_00015gr_00028sq_00004hl_00002en
1168	1432	2008	06jul12a_00015gr_00028sq_00004hl_00002en
1169	1532	1808	06jul12a_00015gr_00028sq_00004hl_00002en
1170	1320	1816	06jul12a_00015gr_00028sq_00004hl_00002en
1171	972	1864	06jul12a_00015gr_00028sq_00004hl_00002en
1172	612	2108	06jul12a_00015gr_00028sq_00004hl_00002en
1173	816	2356	06jul12a_00015gr_00028sq_00004hl_00002en
1174	1216	2556	06jul12a_00015gr_00028sq_00004hl_00002en
1175	968	2996	06jul12a_00015gr_00028sq_00004hl_00002en
1176	680	3016	06jul12a_00015gr_00028sq_00004hl_00002en
1177	512	2896	06jul12a_00015gr_00028sq_00004hl_00002en
1178	2024	2472	06jul12a_00015gr_00028sq_00004hl_00002en
1179	2092	1900	06jul12a_00015gr_00028sq_00004hl_00002en
1180	1416	1436	06jul12a_00015gr_00028sq_00004hl_00002en
1181	2404	1748	06jul12a_00015gr_00028sq_00004hl_00002en
1182	2620	1736	06jul12a_00015gr_00028sq_00004hl_00002en
1183	2884	1448	06jul12a_00015gr_00028sq_00004hl_00002en
1184	3012	1948	06jul12a_00015gr_00028sq_00004hl_00002en
1185	2736	2004	06jul12a_00015gr_00028sq_00004hl_00002en
1186	3192	2388	06jul12a_00015gr_00028sq_00004hl_00002en
1187	3328	2176	06jul12a_00015gr_00028sq_00004hl_00002en
1188	3532	2344	06jul12a_00015gr_00028sq_00004hl_00002en
1189	3440	2516	06jul12a_00015gr_00028sq_00004hl_00002en
1190	3360	2752	06jul12a_00015gr_00028sq_00004hl_00002en
1191	3560	2748	06jul12a_00015gr_00028sq_00004hl_00002en
1192	3504	2960	06jul12a_00015gr_00028sq_00004hl_00002en
1193	3812	2828	06jul12a_00015gr_00028sq_00004hl_00002en
1194	3848	2576	06jul12a_00015gr_00028sq_00004hl_00002en
1195	3832	2200	06jul12a_00015gr_00028sq_00004hl_00002en
1196	3652	3340	06jul12a_00015gr_00028sq_00004hl_00002en
1197	3400	3548	06jul12a_00015gr_00028sq_00004hl_00002en
1198	3080	3864	06jul12a_00015gr_00028sq_00004hl_00002en
1199	2752	3636	06jul12a_00015gr_00028sq_00004hl_00002en
1200	2772	3364	06jul12a_00015gr_00028sq_00004hl_00002en
1201	2460	3536	06jul12a_00015gr_00028sq_00004hl_00002en
1202	2300	3396	06jul12a_00015gr_00028sq_00004hl_00002en
1203	1852	3336	06jul12a_00015gr_00028sq_00004hl_00002en
1204	1960	3712	06jul12a_00015gr_00028sq_00004hl_00002en
1205	2160	3784	06jul12a_00015gr_00028sq_00004hl_00002en
1206	412	3804	06jul12a_00015gr_00028sq_00004hl_00002en
1207	288	2916	06jul12a_00015gr_00028sq_00004hl_00002en
1208	320	2180	06jul12a_00015gr_00028sq_00004hl_00002en
1209	420	1168	06jul12a_00015gr_00028sq_00004hl_00002en
1210	520	580	06jul12a_00015gr_00028sq_00004hl_00002en
1211	712	644	06jul12a_00015gr_00028sq_00004hl_00002en
1212	932	956	06jul12a_00015gr_00028sq_00004hl_00002en
1213	880	244	06jul12a_00015gr_00028sq_00004hl_00002en
1214	1388	432	06jul12a_00015gr_00028sq_00004hl_00002en
1215	1664	852	06jul12a_00015gr_00028sq_00004hl_00002en
1216	1932	648	06jul12a_00015gr_00028sq_00004hl_00002en
1217	1720	400	06jul12a_00015gr_00028sq_00004hl_00002en
1218	2008	288	06jul12a_00015gr_00028sq_00004hl_00002en
1219	2200	576	06jul12a_00015gr_00028sq_00004hl_00002en
1220	1936	900	06jul12a_00015gr_00028sq_00004hl_00002en
1221	2380	1060	06jul12a_00015gr_00028sq_00004hl_00002en
1222	3380	236	06jul12a_00015gr_00028sq_00004hl_00002en
